(x1,	 x2)		 u			 e			 y			 y^			 y-y^
(-0.79903, -0.58516); 0.97772; -0.00551; 0.97221
(-0.10955, -0.213); 0.41416; 0.03671; 0.45087
(0.11722, 0.48512); 0.64638; 0.06545; 0.71183
(0.25666, 0.02655); 0.88846; -0.029; 0.85946
(-0.79903, -0.55957); 0.97769; -0.09951; 0.87818
(-0.79903, -0.213); 0.97758; -0.0251; 0.95248
(-0.79903, 0.02655); 0.97792; 0.05502; 1.03294
(0.25666, -0.55957); 0.88823; 0.01633; 0.90456
(0.25666, -0.213); 0.88812; -0.1689; 0.71922
(-0.10955, -0.213); 0.41416; -0.18038; 0.23378
(-0.10955, -0.213); 0.41416; -0.05168; 0.36248
(-0.79903, -0.55957); 0.97769; 0.03679; 1.01448
(0.11722, -0.213); 0.64441; -0.07759; 0.56682
(0.11722, -0.58516); 0.64456; 0.04736; 0.69192
(-0.10955, -0.58516); 0.41431; 0.07226; 0.48657
(0.25666, 0.48512); 0.89008; 0.04882; 0.9389
(0.11722, 0.48512); 0.64638; -0.07549; 0.57089
(0.25666, -0.58516); 0.88827; -0.04444; 0.84383
(0.11722, -0.58516); 0.64456; 0.04221; 0.68677
(0.25666, -0.58516); 0.88827; 0.11962; 1.00789
(-0.10955, -0.58516); 0.41431; -0.01659; 0.39772
(-0.10955, 0.02655); 0.41451; -0.05711; 0.3574
(-0.79903, -0.58516); 0.97772; -0.12024; 0.85748
(0.11722, 0.48512); 0.64638; -0.02566; 0.62072
(-0.10955, -0.55957); 0.41427; 0.08328; 0.49755
(0.11722, -0.58516); 0.64456; 0.08062; 0.72518
(-0.10955, -0.58516); 0.41431; -0.00486; 0.40945
(0.25666, 0.02655); 0.88846; 0.1262; 1.01466
(0.11722, -0.55957); 0.64452; 0.07915; 0.72367
(-0.10955, -0.55957); 0.41427; -0.01761; 0.39666
